D_avara	C:90.5%[S:70.2%,D:20.2%],F:3.6%,M:6.0%,n:672
A_crassa	C:87.8%[S:76.6%,D:11.2%],F:4.8%,M:7.4%,n:672
H_panicea	C:89.9%[S:71.4%,D:18.5%],F:3.7%,M:6.4%,n:672
A_beatrix	C:77.4%[S:72.3%,D:5.1%],F:5.7%,M:17.0%,n:672
B_cyanae	C:76.8%[S:70.2%,D:6.5%],F:5.7%,M:17.6%,n:672
S_ciliatum	C:86.9%[S:75.6%,D:11.3%],F:3.9%,M:9.2%,n:672
C_candelabrum	C:89.3%[S:72.9%,D:16.4%],F:6.4%,M:4.3%,n:672
O_lobularis	C:89.7%[S:74.4%,D:15.3%],F:4.2%,M:6.1%,n:672
P_verrucosa	C:96.7%[S:79.9%,D:16.8%],F:1.5%,M:1.8%,n:672
H_symbiolongicarpus	C:94.6%[S:68.6%,D:26.0%],F:2.1%,M:3.3%,n:672
N_vectensis	C:96.9%[S:72.9%,D:24.0%],F:1.0%,M:2.1%,n:672
B_microptera	C:79.2%[S:64.7%,D:14.4%],F:4.9%,M:15.9%,n:672
M_leidyi	C:80.2%[S:72.9%,D:7.3%],F:5.8%,M:14.0%,n:672
C_owczarzaki	C:96.1%[S:95.3%,D:0.8%],F:1.6%,M:2.3%,n:129
